-942

i 1111111111 1111111111 ’1. 11111111 1111111 11111111 1111111111 ”
1111111111 8. 60 1111111111111 11111111

VI. b. 611111. Ι. Sem. 1. 1111111111 11111111111111111. 2.
11111111 1111111111 1111111111 11111111 1111111111 1111111 p 11111
1111111111111111 1111111 3. 0 1111111111 11111111. 4. 11111 1 11 ,Ι
tami 111 81111111(11111111111 1111111111 111111111111111Β111111111
5111111111 11111 1111111 1111111111 111111111111111. 6. Μ11111 2
1111 i 1111111 (1111111111111111111111111 111111 11111). 7. W
111111111111111111111]111111111111 8 111111) 1111111111 1111 ²⁶
1111 1111111 11111111 (1111111111 1111111111 111111111111). '¹⁵

11. Sem. 1. ,111111 1111111111111111111111112.11111111
13.11111111111111111111.3.(11111111111111111111111111,1111111111Ι
maximae 1111111111. 1. 81111111 1111111111 111111111111111111111111
111111 Kochanowskiego „Odprawa poslhw‘st 5. 111111 1111111111 teau
11111111111111 w 11111111 6. 11111111 11111 11 111 1 w mieeoiojj
7. 11111111 111111 1111111111. 8. 111 111111 11111 1111111111 .

V. 1. Classe I. Sem. 111111· (11111111). 2111111111111111111-Ι
1111111 1 1111111111, 1111111111111111113.111111111111111111111111έ
1111111111 1111111111 1 1111111 (11 1111111111 1111111 11111111).
4. Κ1111 111111111111 11111111] 1111111111 1111111 1111111111111111111Ι
5111111 1111111111 (11111111). 6. Μ111111 811111. 7. 011111 11111
11 1111111111 111111 1 Pana 11111111 (111111. w 11111 1.Ι1 111
111111. 111111.) 8. 6111111111- 11111111111111111111111111111111
11111111.

118111. 1 Zaslugi 111111111111111111 6111111111111111·
1111. 2. Ρ111111111 1111111111 (1111111111). 3. 11111 111111 1111111111
111Ρ11111 1111111111 11111111111 1111111111 L? (11 1111111111 11111
11111111). 1. 11111 1111111 111111111111111111111111111111111111
11111111 (11111111). 6111111111 1111111 11111111 1 1111111111 11111111
1111 111111 1111111111 1111. 7. 11111 111111111111111111111111.
„Wieslaw‘ss (111111111111111111 11111111).

V. b. 611111, I. Sem. 1. 0 111111111111111111. 21111111
1 111111 11111 Jesienny 3. 0111111111111111(11111111111111111111·
1111111).1.111111111111111111111111111 1.,,111811111111111
111111 111 111111111111 1111111116. 0 uszanowaniu 111 11111111.
1. 1111111 geograficzuego 1111111111 (111111 111111· 111111] 11111111,
8. 1111111111 11111 (1111111111).

 

